  0.36663170    0.12362048  1
  0.38140836    0.07214094  1
  0.48318852    0.00000000  1
  0.41155269    0.06613099  1
  0.37768721    0.12281490  1
  0.40410770    0.14225927  1
  0.44962347    0.08412213  1
  0.40501726    0.10241173  1
  0.38666438    0.16894587  1
  0.43109094    0.10657860  1
  0.45681280    0.09179411  1
  0.41219311    0.04401006  1
  0.41840820    0.08024615  1
  0.44782991    0.12164789  1
  0.32640891    0.12433831  1
  0.38977873    0.09417154  1
  0.43754146    0.06282460  1
  0.46162277    0.10024908  1
  0.40609470    0.07532520  1
  0.45184086    0.08019828  1
  0.38931060    0.11743765  1
  0.40432758    0.14592823  1
  0.43894318    0.12399132  1
  0.40865367    0.10131699  1
  0.46650841    0.07255765  1
  0.37151788    0.08380583  1
  0.49587563    0.03148205  1
  0.46642444    0.16056214  1
  0.43433228    0.06713130  1
  0.43265298    0.08855743  1
  0.36115276    0.08896981  1
  0.45306551    0.13082685  1
  0.40210836    0.12120448  1
  0.35354552    0.09228661  1
  0.37246729    0.10440046  1
  0.40845372    0.10163639  1
  0.42333102    0.11692726  1
  0.29863341    0.10958242  1
  0.35341474    0.16435205  1
  0.42413367    0.04572549  1
  0.42467276    0.12845759  1
  0.39798953    0.10760496  1
  0.38892390    0.09121640  1
  0.41260236    0.12658543  1
  0.43541816    0.12915097  1
  0.44843267    0.10676675  1
  0.44090461    0.07220687  1
  0.38464364    0.17919818  1
  0.42271171    0.08319673  1
  0.39055074    0.13900726  1
  0.48078430    0.11998861  1
  0.40451875    0.08670180  1
  0.42100121    0.13497170  1
  0.40501502    0.08989902  1
  0.37958473    0.06896096  1
  0.42227625    0.09898201  1
  0.42664170    0.11260015  1
  0.51242821    0.02830768  1
  0.42526216    0.13972188  1
  0.42042565    0.07585786  1
  0.35590980    0.16211823  1
  0.46661978    0.10129213  1
  0.41462571    0.07447340  1
  0.38711146    0.11052699  1
  0.42826843    0.10166086  1
  0.42346241    0.06938889  1
  0.41086760    0.12362120  1
  0.35211479    0.08805489  1
  0.41527113    0.10554102  1
  0.40266358    0.08649390  1
  0.38387109    0.17070820  1
  0.37963893    0.08214711  1
  0.49016418    0.13265476  1
  0.40198276    0.11550560  1
  0.44106882    0.07279183  1
  0.50329911    0.04979490  1
  0.42673083    0.11961741  1
  0.48371619    0.04805970  1
  0.45136733    0.08973627  1
  0.37162994    0.12092031  1
  0.45879706    0.03054044  1
  0.39603126    0.11707632  1
  0.45564569    0.10389554  1
  0.44447703    0.09437899  1
  0.42185085    0.12445532  1
  0.46589577    0.12551525  1
  0.45780126    0.03692069  1
  0.46661074    0.06009026  1
  0.41246566    0.12206541  1
  0.48948938    0.08688299  1
  0.40133323    0.10485701  1
  0.39820772    0.08491135  1
  0.43972559    0.12086390  1
  0.44083377    0.09527131  1
  0.53357231    0.02921366  1
  0.44903565    0.06639592  1
  0.37065414    0.15716807  1
  0.40766262    0.10323216  1
  0.49503158    0.04565754  1
  0.39272619    0.07785409  1
  0.49835676    0.13770220  1
  0.52437121    0.10470941  1
  0.50870684    0.14433610  1
  0.44329858    0.09895898  1
  0.47333510    0.14344190  1
  0.49833740    0.17598403  1
  0.35988317    0.11748019  1
  0.49054590    0.11757351  1
  0.45377677    0.12488641  1
  0.43158884    0.16249851  1
  0.52350444    0.17045430  1
  0.67781796    0.16769752  1
  0.52806644    0.08598538  1
  0.45691402    0.15284882  1
  0.45073434    0.11033461  1
  0.52411048    0.13488875  1
  0.44346883    0.13882032  1
  0.30732565    0.20356672  1
  0.42907730    0.15297794  1
  0.34905659    0.14667705  1
  0.46417273    0.13757532  1
  0.39426703    0.13383342  1
  0.44565795    0.10440072  1
  0.41843435    0.14402478  1
  0.63121180    0.14457305  1
  0.52034591    0.14979534  1
  0.38064853    0.16931411  1
  0.47100096    0.18818206  1
  0.43991564    0.16040417  1
  0.44472802    0.13543954  1
  0.41496249    0.19443832  1
  0.44083668    0.12923259  1
  0.47202499    0.15422030  1
  0.44302843    0.10669986  1
  0.45186415    0.17190621  1
  0.43183274    0.17225629  1
  0.56633110    0.12835429  1
  0.47359976    0.14668121  1
  0.38525103    0.14186950  1
  0.45403013    0.13889842  1
  0.38311411    0.16397975  1
  0.47504474    0.12813176  1
  0.50194301    0.16456363  1
  0.36084511    0.10815827  1
  0.38398156    0.13407314  1
  0.39548259    0.10114993  1
  0.43268248    0.18646663  1
  0.46553618    0.16482766  1
  0.47648522    0.15342159  1
  0.50140254    0.17734211  1
  0.57695761    0.13614938  1
  0.41590394    0.12122059  1
  0.49699804    0.17097426  1
  0.55572300    0.15083299  1
  0.37885647    0.13138567  1
  0.43211630    0.14175565  1
  0.24006999    0.16171302  1
  0.44649132    0.19344227  1
  0.42476421    0.15520000  1
  0.37136142    0.15314653  1
  0.51024239    0.15954646  1
  0.44827651    0.09889714  1
  0.44532520    0.16594840  1
  0.46346963    0.09184046  1
  0.27692275    0.19339166  1
  0.37848223    0.12904876  1
  0.46830488    0.17660193  1
  0.37810453    0.11260658  1
  0.34885435    0.16496164  1
  0.49862802    0.14565525  1
  0.60188299    0.12747008  1
  0.35819839    0.13670967  1
  0.43893714    0.14065713  1
  0.44530317    0.14157773  1
  0.58277599    0.12722699  1
  0.58661749    0.16252723  1
  0.49348421    0.12789489  1
  0.47698095    0.13019742  1
  0.50891716    0.18766105  1
  0.39399979    0.08561141  1
  0.38096140    0.14595250  1
  0.46358795    0.10754803  1
  0.49723894    0.12903253  1
  0.55683521    0.12691335  1
  0.41603484    0.15030625  1
  0.50674032    0.16179101  1
  0.50674267    0.19808176  1
  0.46261684    0.16226313  1
  0.35244390    0.15618811  1
  0.44670874    0.13401429  1
  0.64262293    0.11841178  1
  0.50367033    0.15903002  1
  0.36542648    0.17581540  1
  0.45498318    0.13759680  1
  0.39995663    0.14227142  1
  0.49030176    0.16678854  1
  0.34496233    0.21031262  1
  0.41873160    0.14355558  1
  0.40996101    0.12347204  1
  0.50921567    0.14020742  1
  0.10264868    0.15287750  2
  0.13652375    0.16561484  2
  0.08647819    0.19695155  2
  0.12856756    0.15005498  2
  0.13855256    0.13008588  2
  0.06515804    0.13551631  2
  0.07171660    0.20771130  2
  0.05445372    0.20487145  2
  0.17067118    0.14729895  2
  0.01708459    0.20374050  2
  0.09826126    0.16368365  2
  0.07285252    0.16724463  2
  0.08201206    0.13982826  2
  0.07272492    0.16550284  2
  0.12289676    0.14992874  2
  0.08300844    0.12506262  2
  0.13591924    0.14857677  2
  0.05735367    0.19416365  2
  0.10269022    0.15660285  2
  0.07571553    0.19051997  2
  0.05142201    0.15054326  2
  0.09437615    0.15524316  2
  0.01050497    0.17046298  2
  0.15095576    0.20323935  2
  0.01850679    0.22018015  2
  0.07644202    0.20868988  2
  0.11883096    0.15869634  2
  0.15708049    0.08241713  2
  0.07095578    0.20461780  2
  0.13701258    0.13300010  2
  0.10837350    0.14910135  2
  0.11228983    0.14333888  2
  0.05738868    0.16584173  2
  0.10123780    0.16807102  2
  0.10396418    0.13021963  2
  0.08280305    0.17837337  2
  0.11742858    0.16235634  2
  0.11092851    0.07449749  2
  0.11849670    0.15863869  2
  0.12131953    0.12467642  2
  0.20652589    0.16431254  2
  0.09792000    0.17234500  2
  0.14797630    0.19824368  2
  0.11851194    0.11681606  2
  0.09852285    0.13391815  2
  0.09094608    0.15757477  2
  0.13157912    0.15584705  2
  0.15993204    0.10995906  2
  0.01089310    0.17539511  2
  0.11552493    0.14740862  2
  0.08940113    0.15805708  2
  0.02762246    0.23386584  2
  0.17305768    0.05914140  2
  0.11915119    0.14127547  2
  0.12260304    0.17692719  2
  0.02740307    0.14948759  2
  0.14147796    0.10156820  2
  0.15231314    0.13827140  2
  0.17462989    0.13992882  2
  0.09384135    0.13705103  2
  0.09332226    0.17967113  2
  0.09189630    0.18551919  2
  0.10633509    0.15513646  2
  0.15438303    0.16232839  2
  0.04422177    0.15686181  2
  0.11809466    0.17291065  2
  0.07259002    0.12696929  2
  0.13532802    0.14897519  2
  0.10830718    0.19067052  2
  0.18340392    0.12915505  2
  0.08527520    0.11335298  2
  0.10248503    0.09699889  2
  0.14020285    0.16667753  2
  0.02995206    0.23081186  2
  0.07431260    0.19391155  2
  0.14549173    0.14100051  2
  0.03330276    0.20710343  2
  0.10207936    0.18521034  2
  0.12866257    0.11650125  2
  0.15045300    0.20676075  2
  0.09651706    0.17752038  2
  0.07739459    0.22202545  2
  0.03953027    0.20457991  2
  0.12150321    0.10701546  2
  0.07752062    0.23476433  2
  0.10250025    0.11623041  2
  0.07523267    0.17199675  2
  0.11098617    0.14449235  2
  0.11225588    0.14827945  2
  0.07753086    0.17424348  2
  0.09553442    0.17310051  2
  0.09412907    0.14615730  2
  0.12086716    0.15219730  2
  0.12974129    0.08211772  2
  0.07610187    0.18335865  2
  0.13626529    0.13572297  2
  0.17005338    0.17084664  2
  0.17104564    0.07171303  2
  0.05283861    0.14185882  2
  0.02468261    0.21353086  2
  0.03709007    0.22471171  2
  0.17777156    0.27811493  2
  0.14610602    0.25995186  2
  0.09235451    0.17574296  2
  0.14965964    0.15798361  2
  0.15359014    0.25415606  2
  0.07231979    0.04948770  2
  0.03252549    0.15501092  2
  0.11205778    0.13813038  2
  0.10256894    0.30620903  2
  0.13426337    0.26735847  2
  0.07416689    0.31460121  2
  0.08244256    0.22633265  2
  0.24448797    0.16414569  2
  0.09340900    0.17561715  2
  0.21636440    0.16555091  2
  0.00206534    0.30836281  2
  0.17717906    0.21251804  2
  0.15592184    0.20274241  2
  0.08475765    0.09352941  2
  0.20625731    0.16757423  2
  0.22953315    0.17736024  2
  0.13435901    0.06985337  2
  0.02189773    0.33498773  2
  0.15553020    0.24882499  2
  0.08273204    0.15393962  2
  0.10189069    0.21757351  2
  0.00000000    0.20101802  2
  0.21935675    0.15695692  2
  0.12372686    0.18799762  2
  0.09652302    0.14969150  2
  0.14422037    0.09607574  2
  0.18176796    0.19219151  2
  0.13708584    0.12920798  2
  0.25069173    0.25814339  2
  0.20275997    0.32030387  2
  0.09456544    0.18101959  2
  0.02668153    0.07539687  2
  0.13628600    0.18753556  2
  0.21154392    0.14444313  2
  0.10273015    0.11933226  2
  0.09705525    0.11378684  2
  0.10444397    0.14002553  2
  0.15645106    0.21266870  2
  0.11378652    0.14409804  2
  0.07818726    0.21419569  2
  0.06049137    0.16296852  2
  0.09601440    0.18205275  2
  0.04899747    0.17239765  2
  0.08231942    0.24415194  2
  0.07659464    0.21514274  2
  0.20217008    0.16821769  2
  0.00034998    0.22324632  2
  0.08041840    0.20883640  2
  0.15118074    0.12084255  2
  0.12671541    0.19963276  2
  0.08535526    0.30044649  2
  0.12529942    0.19364409  2
  0.13203708    0.21258451  2
  0.03256711    0.25582795  2
  0.03343238    0.18329807  2
  0.01402780    0.21069580  2
  0.15054546    0.22727393  2
  0.12701385    0.24832887  2
  0.20497961    0.20352506  2
  0.19456595    0.22860900  2
  0.10910012    0.16555656  2
  0.08558217    0.08859889  2
  0.08563682    0.08172123  2
  0.10252932    0.23642195  2
  0.21871408    0.17522507  2
  0.11045784    0.20496701  2
  0.12778851    0.20494084  2
  0.12434039    0.23582443  2
  0.07219449    0.24025653  2
  0.13386411    0.14554591  2
  0.20985987    0.20061587  2
  0.08977953    0.16800824  2
  0.07377424    0.20537644  2
  0.12406177    0.26400488  2
  0.21379613    0.10130668  2
  0.15639329    0.21153813  2
  0.09681837    0.09390255  2
  0.00407887    0.21236443  2
  0.05716462    0.23782279  2
  0.08193355    0.21053263  2
  0.07452465    0.22128664  2
  0.02784437    0.13740624  2
  0.07524551    0.05001953  2
  0.03889353    0.22453306  2
  0.05540783    0.13288353  2
  0.14334713    0.16033123  2
  0.11544006    0.21688800  2
  0.06966950    0.18604734  2
  0.22685936    0.12263917  2
  0.08655475    0.24961105  2
  0.20300502    0.22212392  2
  0.03129706    0.21750441  2
  0.09561284    0.25355507  2
  0.05905307    0.20417158  2
  0.28214526    0.53763436  3
  0.33462595    0.47306572  3
  0.32229491    0.49210191  3
  0.34457587    0.50356932  3
  0.43562061    0.44850794  3
  0.32992620    0.47161486  3
  0.32846505    0.46355475  3
  0.39779155    0.42470299  3
  0.27003733    0.55382515  3
  0.40131743    0.52105802  3
  0.36921126    0.53934327  3
  0.35606412    0.48815904  3
  0.34870645    0.48169450  3
  0.26576082    0.46692047  3
  0.32620471    0.45165718  3
  0.33823375    0.49084792  3
  0.26085739    0.53269997  3
  0.36083567    0.47029177  3
  0.31915251    0.47120942  3
  0.20980475    0.51894729  3
  0.35926744    0.46430306  3
  0.28869095    0.53709472  3
  0.35291946    0.48577838  3
  0.35124029    0.53395690  3
  0.27308456    0.52622230  3
  0.37476063    0.45242455  3
  0.30740788    0.51690330  3
  0.34950424    0.44996826  3
  0.35106105    0.50814727  3
  0.32869548    0.48853766  3
  0.29564940    0.48389302  3
  0.39348138    0.43768402  3
  0.34187325    0.46572553  3
  0.37180777    0.38854149  3
  0.29019864    0.47055712  3
  0.36002799    0.52873794  3
  0.37849636    0.50140008  3
  0.32350106    0.47231289  3
  0.35292885    0.47458451  3
  0.34656709    0.48141280  3
  0.30161059    0.52727931  3
  0.29071087    0.51261671  3
  0.34847891    0.48572214  3
  0.29057959    0.49604330  3
  0.26193396    0.48541715  3
  0.34751497    0.52502400  3
  0.31490574    0.48894375  3
  0.26532058    0.47073520  3
  0.31423234    0.51658070  3
  0.34221871    0.52751539  3
  0.32604055    0.46445807  3
  0.28931683    0.47838482  3
  0.28348514    0.47230261  3
  0.30067388    0.51626080  3
  0.30409988    0.50742059  3
  0.28889646    0.52810030  3
  0.30502562    0.49814241  3
  0.33843238    0.46821380  3
  0.36457485    0.49466357  3
  0.36455127    0.47693183  3
  0.32876495    0.48678747  3
  0.30253405    0.48527921  3
  0.31952239    0.47065273  3
  0.37511198    0.45547363  3
  0.38166422    0.53697235  3
  0.27562564    0.55210989  3
  0.34294119    0.48640841  3
  0.30407655    0.48060990  3
  0.19818586    0.48195100  3
  0.37103274    0.46678792  3
  0.35951078    0.44246564  3
  0.34009978    0.51324281  3
  0.29090019    0.46063278  3
  0.31838986    0.45416319  3
  0.32260058    0.46596063  3
  0.25670021    0.53207545  3
  0.36991452    0.46060849  3
  0.32398704    0.53918344  3
  0.25065409    0.50068360  3
  0.31793143    0.48735352  3
  0.34676144    0.44232503  3
  0.31980929    0.44429357  3
  0.35552004    0.46320779  3
  0.35123674    0.46750516  3
  0.26000155    0.51041456  3
  0.31851157    0.47471013  3
  0.37787480    0.51262351  3
  0.32969804    0.43939154  3
  0.36280624    0.44954862  3
  0.27466369    0.50347567  3
  0.29717511    0.51119853  3
  0.26915508    0.49281680  3
  0.35559243    0.46826390  3
  0.30934737    0.48420528  3
  0.33447204    0.42030950  3
  0.32611855    0.46744482  3
  0.40563126    0.40287876  3
  0.35553185    0.43204216  3
  0.32299746    0.45434719  3
  0.30817171    0.48373411  3
  0.22671249    0.56768915  3
  0.24567973    0.56816131  3
  0.21051434    0.57160040  3
  0.39277107    0.56159976  3
  0.39435205    0.58773112  3
  0.36188851    0.55168667  3
  0.21974902    0.57160753  3
  0.28978375    0.53836636  3
  0.33320562    0.57827123  3
  0.23815262    0.59966860  3
  0.33716379    0.59418038  3
  0.46292403    0.54949638  3
  0.31869639    0.56658389  3
  0.33284946    0.58597980  3
  0.50551359    0.55781680  3
  0.29213444    0.56337246  3
  0.42162145    0.56714414  3
  0.29399062    0.56635718  3
  0.29958581    0.54312159  3
  0.24598109    0.54097492  3
  0.39920989    0.53816959  3
  0.36913412    0.57762282  3
  0.43316939    0.56845153  3
  0.32892800    0.57456638  3
  0.34654899    0.55985705  3
  0.46324464    0.55440926  3
  0.40785424    0.54748687  3
  0.35390110    0.56235461  3
  0.37457396    0.54747966  3
  0.40311546    0.57024658  3
  0.40245057    0.55211881  3
  0.26658936    0.56710121  3
  0.22829473    0.54321399  3
  0.30976447    0.56421727  3
  0.42076284    0.56257582  3
  0.30738630    0.52389293  3
  0.36332550    0.58790855  3
  0.39212632    0.56689681  3
  0.37346407    0.54231652  3
  0.43742740    0.55785962  3
  0.29728073    0.54126074  3
  0.34219374    0.54349115  3
  0.38870827    0.54877130  3
  0.34141346    0.55397221  3
  0.38733487    0.55611001  3
  0.38563814    0.56450419  3
  0.27562320    0.55414028  3
  0.39275237    0.57819339  3
  0.35732808    0.54317979  3
  0.31364743    0.56352714  3
  0.40249588    0.56078090  3
  0.31351542    0.59802779  3
  0.29887061    0.56725782  3
  0.32642576    0.56291728  3
  0.37108499    0.56249744  3
  0.32981844    0.58035174  3
  0.42417630    0.55887031  3
  0.37399080    0.56228981  3
  0.34143561    0.56581972  3
  0.25057907    0.56448931  3
  0.37057764    0.53287372  3
  0.41417387    0.59115651  3
  0.31831453    0.56156259  3
  0.30037963    0.53284241  3
  0.34354662    0.58462273  3
  0.44410168    0.57390216  3
  0.42400856    0.55898513  3
  0.35508459    0.59904995  3
  0.37928073    0.55397734  3
  0.32118951    0.58690833  3
  0.31507867    0.55683788  3
  0.37890026    0.56157278  3
  0.29478837    0.53763584  3
  0.42759623    0.52440223  3
  0.29075423    0.57574973  3
  0.31373291    0.53359943  3
  0.44283577    0.58156829  3
  0.30730409    0.56201707  3
  0.41267497    0.53478523  3
  0.30714190    0.57181056  3
  0.38306544    0.57062955  3
  0.33365412    0.59436441  3
  0.24633424    0.55962279  3
  0.34703224    0.55962364  3
  0.37283723    0.54123087  3
  0.42367689    0.52949370  3
  0.36233157    0.56695606  3
  0.30834235    0.56011292  3
  0.41687529    0.57535227  3
  0.40698462    0.54717050  3
  0.35517605    0.57044954  3
  0.22416795    0.56205118  3
  0.32547005    0.57316184  3
  0.35346962    0.59746078  3
  0.23863348    0.55664313  3
  0.34858645    0.54698368  3
  0.41339670    0.54441078  3
  0.39132377    0.54363139  3
  0.45946303    0.54838010  3
  0.44416732    0.56449503  3
  0.84079229    0.37386075  4
  0.88940580    0.37961884  4
  0.87150440    0.36424764  4
  0.89553713    0.40412012  4
  0.91020235    0.38513355  4
  0.90177531    0.35966695  4
  0.86722754    0.38988599  4
  0.92827586    0.37740779  4
  0.81289569    0.34389430  4
  0.82026807    0.39308427  4
  0.88030990    0.34264766  4
  0.96004613    0.38522614  4
  0.86831758    0.38955159  4
  0.88264629    0.37439392  4
  0.93143072    0.40536945  4
  0.85142430    0.32377386  4
  0.88307524    0.37012733  4
  0.90758838    0.36204441  4
  0.91621451    0.37678446  4
  0.86955232    0.42650229  4
  0.85919852    0.32965168  4
  0.87284274    0.39629866  4
  0.85356001    0.35567261  4
  0.85292799    0.38544843  4
  0.89828188    0.38293442  4
  0.83422731    0.28599927  4
  0.90560087    0.39503317  4
  0.92725358    0.30586238  4
  0.85253357    0.34393417  4
  0.90110145    0.38516562  4
  0.84790339    0.34968289  4
  0.86262632    0.39703627  4
  0.84483285    0.32173399  4
  0.80605419    0.31783567  4
  0.84457773    0.37414962  4
  0.91140876    0.29045442  4
  0.89430239    0.39240937  4
  0.83382778    0.33592553  4
  0.85609410    0.38320900  4
  0.89498940    0.41330676  4
  0.88418297    0.28646481  4
  0.89662783    0.39645072  4
  0.83693613    0.32267470  4
  0.86443678    0.36052725  4
  0.86287927    0.32300467  4
  0.83466530    0.35150191  4
  0.88438593    0.34641516  4
  0.86194295    0.36203544  4
  0.89985717    0.37448734  4
  0.87314493    0.41856627  4
  0.88436577    0.28536018  4
  0.89450920    0.36890329  4
  0.89696981    0.42854473  4
  0.89576763    0.40795642  4
  0.86121467    0.41667569  4
  0.87760630    0.43008405  4
  0.87177858    0.40100755  4
  0.87654730    0.27180106  4
  0.92879846    0.38372272  4
  0.90367165    0.43906330  4
  0.95215025    0.42305814  4
  0.85177376    0.34590950  4
  0.88255496    0.36969484  4
  0.89140300    0.41620268  4
  0.85941424    0.28895617  4
  0.93908086    0.48112895  4
  0.92385097    0.41114529  4
  0.82825461    0.36726992  4
  0.85265251    0.29730381  4
  0.85281261    0.33721141  4
  0.82998900    0.46923727  4
  0.88878152    0.35523010  4
  0.95167366    0.42267992  4
  0.84948480    0.31289030  4
  0.86896924    0.32701759  4
  0.85743725    0.38269411  4
  0.85196987    0.42231153  4
  0.84918367    0.29019824  4
  0.89973598    0.38183458  4
  0.90307691    0.36879184  4
  0.85424368    0.33986598  4
  0.85398205    0.37743290  4
  0.87880374    0.35193915  4
  0.86054893    0.41973349  4
  0.86616997    0.36504503  4
  0.82913510    0.38592595  4
  0.88098922    0.33076675  4
  0.91692344    0.44441965  4
  0.89752180    0.39950004  4
  0.89440157    0.35872083  4
  0.86559845    0.38167565  4
  0.85988888    0.39811044  4
  0.85479319    0.32439314  4
  0.86898422    0.42702112  4
  0.88664047    0.45334348  4
  0.89928295    0.36647722  4
  0.87797789    0.34712524  4
  0.88204168    0.43916384  4
  0.91709482    0.46672208  4
  0.90242911    0.39387585  4
  0.87266381    0.45595030  4
  0.90531432    0.32114327  4
  0.89643766    0.33948376  4
  0.87310878    0.45958717  4
  0.87878581    0.50292598  4
  0.74913888    0.42853639  4
  0.82219895    0.45743299  4
  0.83989203    0.46063945  4
  0.84709845    0.39367853  4
  0.92473781    0.33901255  4
  0.87246019    0.38819362  4
  0.78195096    0.26551717  4
  0.85473441    0.34428300  4
  0.80387017    0.37184262  4
  0.80901386    0.42789335  4
  0.74942935    0.33874026  4
  0.91927992    0.35981672  4
  0.82320527    0.43502496  4
  0.86820520    0.40414214  4
  0.80303104    0.37404232  4
  0.82801283    0.36392925  4
  0.78431095    0.38700836  4
  0.81733683    0.26716519  4
  0.82333125    0.50695678  4
  0.75475351    0.34788895  4
  0.90681424    0.36513162  4
  0.95487613    0.41840090  4
  0.81456999    0.44308784  4
  0.82227936    0.37895274  4
  0.89195065    0.37442821  4
  0.85494694    0.37858576  4
  0.86737379    0.34499151  4
  0.86554360    0.34904663  4
  0.82943144    0.45815109  4
  0.81047318    0.36348704  4
  0.87021028    0.41400395  4
  0.84102085    0.43127214  4
  0.82194904    0.35312526  4
  0.87092288    0.53455967  4
  0.81790502    0.36514543  4
  0.84055963    0.40241704  4
  0.83336409    0.37508079  4
  0.78856310    0.29985680  4
  1.00000000    0.39085019  4
  0.87900790    0.36823085  4
  0.80113985    0.46860895  4
  0.83647912    0.40639758  4
  0.96441171    0.55047340  4
  0.85262328    0.39032527  4
  0.87288461    0.37925094  4
  0.86325936    0.38292717  4
  0.88779020    0.28523481  4
  0.76341003    0.41109704  4
  0.95811634    0.34069349  4
  0.94355488    0.42556969  4
  0.76757297    0.38275506  4
  0.92878997    0.30427112  4
  0.89950859    0.40571279  4
  0.86761087    0.45206722  4
  0.82798253    0.41023265  4
  0.85913220    0.44132735  4
  0.83969044    0.35205128  4
  0.64487763    0.24917715  4
  0.90213475    0.39542541  4
  0.89710886    0.44347476  4
  0.89967627    0.32303058  4
  0.82620771    0.46589706  4
  0.96620004    0.39537936  4
  0.81930008    0.39028105  4
  0.85786066    0.44260022  4
  0.79589553    0.35194375  4
  0.77896438    0.36144254  4
  0.73965030    0.53841473  4
  0.83787901    0.48340829  4
  0.90934779    0.33182874  4
  0.88015127    0.35925798  4
  0.81947596    0.38134376  4
  0.80978140    0.42043020  4
  0.86009298    0.32691392  4
  0.83872021    0.46558070  4
  0.75711024    0.35939275  4
  0.91376728    0.34992891  4
  0.87126492    0.39966843  4
  0.73850096    0.28950111  4
  0.82810066    0.36649939  4
  0.85892554    0.27322654  4
  0.85952263    0.35655412  4
  0.86177996    0.50817983  4
  0.82362596    0.35640212  4
  0.92040872    0.52244795  4
  0.79356966    0.42666061  4
  0.92159114    0.52112136  4
  0.87300439    0.35613340  4
  0.85298806    0.41075268  4
  0.90474220    0.37116153  4
  0.89496842    0.40833238  4
  0.73241746    0.35322529  4
  0.96927521    0.19806272  4
  0.84159812    0.36409176  4
  0.89894148    0.41513341  4
  0.20348207    0.86316341  5
  0.19912119    0.87423521  5
  0.19561860    0.87243621  5
  0.22221868    0.92406060  5
  0.24374984    0.89156170  5
  0.21725598    0.90337892  5
  0.23976910    0.90603851  5
  0.16417142    0.88819462  5
  0.21593482    0.86621120  5
  0.21687219    0.86294696  5
  0.20111701    0.77442409  5
  0.24326149    0.95636520  5
  0.24636818    0.92715282  5
  0.23091834    0.86151002  5
  0.24002190    0.87765155  5
  0.20252243    0.83860420  5
  0.25496625    0.82336328  5
  0.24273217    0.88172906  5
  0.18773271    0.91245564  5
  0.18518710    0.81889545  5
  0.18703788    0.90265039  5
  0.12963847    0.83481840  5
  0.16244401    0.81423750  5
  0.24028154    0.89505992  5
  0.18357705    0.83765284  5
  0.21612075    0.82403037  5
  0.22178692    0.83417642  5
  0.18974123    0.77343072  5
  0.19811755    0.88428699  5
  0.24471277    0.95231789  5
  0.19231708    0.84228418  5
  0.23422679    0.94676191  5
  0.20159266    0.90326752  5
  0.17575682    0.85969111  5
  0.20118416    0.87171291  5
  0.22976549    0.87648634  5
  0.16449268    0.83273252  5
  0.29139107    0.87131774  5
  0.22206351    0.84971182  5
  0.17909138    0.78491787  5
  0.21417652    0.86892185  5
  0.21820558    0.84732168  5
  0.20843468    0.81510194  5
  0.20029539    0.82943617  5
  0.19475198    0.90641601  5
  0.19577625    0.82714318  5
  0.21081716    0.86364290  5
  0.19424011    0.90941257  5
  0.20148110    0.85491246  5
  0.25914350    0.79683969  5
  0.18629410    0.89680498  5
  0.18787886    0.89108989  5
  0.24587196    0.88379419  5
  0.23127219    0.91230607  5
  0.18981683    0.85053014  5
  0.17973218    0.84963516  5
  0.16083580    0.84859178  5
  0.20342086    0.83398634  5
  0.19768428    0.89913926  5
  0.21402626    0.91681913  5
  0.25627700    1.00000000  5
  0.24152270    0.88534371  5
  0.23764367    0.89935424  5
  0.17690087    0.80202809  5
  0.24319037    0.93074391  5
  0.25603591    0.91982686  5
  0.25914117    0.88468776  5
  0.19948805    0.85242792  5
  0.18890402    0.79555270  5
  0.22721348    0.84124317  5
  0.23893997    0.89824705  5
  0.26423411    0.90844882  5
  0.16754966    0.86648820  5
  0.24144135    0.88056055  5
  0.18473044    0.90590891  5
  0.20196528    0.89604055  5
  0.19041864    0.87179610  5
  0.20255611    0.85455832  5
  0.22068566    0.87520644  5
  0.20352606    0.88322688  5
  0.21222610    0.88999807  5
  0.23718822    0.82467218  5
  0.23354933    0.92588878  5
  0.24491595    0.86673837  5
  0.18717892    0.81813659  5
  0.18067645    0.81423655  5
  0.21706053    0.89449423  5
  0.17643885    0.87435363  5
  0.16751050    0.85707933  5
  0.20604327    0.84513251  5
  0.23723064    0.86866214  5
  0.21584565    0.80698330  5
  0.17461264    0.81318586  5
  0.25646159    0.96611323  5
  0.24709031    0.83982595  5
  0.16606956    0.79081346  5
  0.24335053    0.82557825  5
  0.22955840    0.88542548  5
  0.23941390    0.78372010  5
  0.20410051    0.88023216  5
  0.25797848    0.84828951  5
  0.33423411    0.94727057  5
  0.24806788    0.86758162  5
  0.27357913    0.88325031  5
  0.22950122    0.77451147  5
  0.18668239    0.82896456  5
  0.29452148    0.89329337  5
  0.18316797    0.95258968  5
  0.18024785    0.89100218  5
  0.22832411    0.88435880  5
  0.38025951    0.85750345  5
  0.27634411    0.87801368  5
  0.26230736    0.90520609  5
  0.25409146    0.94164102  5
  0.24720596    0.85758658  5
  0.26745824    0.93723949  5
  0.19504359    0.87123897  5
  0.26413931    0.80574136  5
  0.22598011    0.92167891  5
  0.21530787    0.87797687  5
  0.22609800    0.89112041  5
  0.22787617    0.88295416  5
  0.23880177    0.83950839  5
  0.23810221    0.82605677  5
  0.22247615    0.83333405  5
  0.20275148    0.90866246  5
  0.26584114    0.85982047  5
  0.16647782    0.86230146  5
  0.21817717    0.84994914  5
  0.20847704    0.98104693  5
  0.20269069    0.82164211  5
  0.24884996    0.84873523  5
  0.22057539    0.86901183  5
  0.23388720    0.85258482  5
  0.30663942    0.85410937  5
  0.27821594    0.76942809  5
  0.18789238    0.89604388  5
  0.38204322    0.95915505  5
  0.29550079    0.86315831  5
  0.28953308    0.88939168  5
  0.23012559    0.93546472  5
  0.27880151    0.86202022  5
  0.21292607    0.89266063  5
  0.29584465    0.81282755  5
  0.23611229    0.88239612  5
  0.25235405    0.84438461  5
  0.24706993    0.91271963  5
  0.21144075    0.91589760  5
  0.20301894    0.91937109  5
  0.31743225    0.86759481  5
  0.25282031    0.95412177  5
  0.28220377    0.92731814  5
  0.21216690    0.94067201  5
  0.26591784    0.95275864  5
  0.27034040    0.91207233  5
  0.27915281    0.85687830  5
  0.27467589    0.89414503  5
  0.17013251    0.94393742  5
  0.29426113    0.90729620  5
  0.23688975    0.87474804  5
  0.27516274    0.92349832  5
  0.25838482    0.98403756  5
  0.22479052    0.90324351  5
  0.24578334    0.87946369  5
  0.25801282    0.81075008  5
  0.23746565    0.84744174  5
  0.28450303    0.81644184  5
  0.27358204    0.90341850  5
  0.28359345    0.97722994  5
  0.23116245    0.89480283  5
  0.14734030    0.79333323  5
  0.24912179    0.87491575  5
  0.25583230    0.87359010  5
  0.21042030    0.88633351  5
  0.16219020    0.93565173  5
  0.24465797    0.88916370  5
  0.19883182    0.91015426  5
  0.27770936    0.91569695  5
  0.17900020    0.91850585  5
  0.21582075    0.93646128  5
  0.28155123    0.92364160  5
  0.23228901    0.87097148  5
  0.24289176    0.90729672  5
  0.20864516    0.88014924  5
  0.28472316    0.84132310  5
  0.27986697    0.89645383  5
  0.26649204    0.83167716  5
  0.33138758    0.92651143  5
  0.26419584    0.85031641  5
  0.27076046    0.87109990  5
  0.20836230    0.90117271  5
  0.31921964    0.82597997  5
  0.29169143    0.85969495  5
  0.25098546    0.94706951  5
  0.22015926    0.90684332  5
  0.19059310    0.87581583  5
  0.30217736    0.87355557  5
  0.25785552    0.86904368  5
  0.28760252    0.91009730  5
  0.24422112    0.94174413  5
